0,329
58,0
57,6
57,5
57,4
57,3
57,2
57,1
57,0
26,6
26,5
26,4
26,3
26,2
26,1
26,0
15,3
15,1
15,0
14,3
14,1
14,0
13,3
13,1
13,0
7,4
7,3
7,2
7,1
7,0
5,7
5,6
5,5
5,4
5,3
5,1
5,0
4,3
4,1
4,0
2,33
2,32
2,31
2,30
2,29
2,28
2,27
2,26
2,25
2,24
2,23
2,22
2,21
2,20
2,19
2,18
2,17
2,16
2,15
2,13
2,12
2,11
2,10
2,5
0,505
0,504
0,481
0,463
0,448
0,447
0,446
0,444
0,443
0,441
0,429
0,428
0,427
0,426
0,425
0,423
0,420
0,418
0,413
0,412
0,406
0,401
0,399
0,398
0,397
0,396
0,322
193,1
193,3
193,0
0,482
195,1
195,3
0,400
0,503
195,0
1,1
1,3
1,0
2,1
2,6
2,3
2,0
63,1
63,3
63,0
0,9
0,310
0,305
0,454
0,452
0,449
0,308
0,304
0,303
0,302
0,307
0,445
0,12
0,366
0,10
0,8
0,0
0,430
0,300
0,314
0,299
0,313
0,298
0,338
0,297
0,497
0,296
0,354
0,295
0,320
0,294
0,496
0,293
0,292
0,380
0,291
0,495
0,290
0,289
0,410
0,288
0,306
0,287
0,286
0,352
0,285
0,301
0,284
0,333
0,283
0,494
0,282
0,350
0,281
0,480
0,280
0,493
0,279
0,488
0,278
0,511
0,277
0,490
0,276
58,1
58,2
58,4
58,5
59,1
59,2
59,4
60,0
60,1
60,3
60,4
60,6
63,4
65,0
65,2
65,3
65,5
65,6
69,1
69,3
85,0
85,2
85,3
85,5
87,0
87,1
87,3
87,4
87,6
88,0
88,2
88,4
88,5
88,7
89,0
89,2
89,4
89,5
89,7
90,0
90,2
90,3
91,0
91,2
91,3
91,5
91,6
93,1
93,3
93,4
93,6
95,0
95,2
95,4
95,5
97,1
97,2
97,4
97,5
100,0
100,2
100,3
100,5
100,6
100,8
111,1
111,2
111,4
111,5
111,7
111,8
111,10
111,12
111,13
111,15
111,16
111,18
114,0
114,1
114,3
114,4
114,6
114,7
114,9
116,1
116,2
116,4
116,5
116,7
120,0
120,1
120,3
120,4
120,6
120,8
120,9
122,1
122,2
122,4
122,5
122,7
125,1
125,2
125,4
125,5
125,7
127,0
127,1
127,3
127,4
127,6
127,7
130,1
130,3
130,4
130,6
130,7
133,0
133,2
133,3
133,5
133,6
133,8
133,9
134,1
134,3
134,4
134,6
136,0
136,2
136,4
136,5
136,7
138,0
138,2
138,3
138,5
138,7
141,0
141,2
141,3
141,5
141,7
141,8
144,0
144,1
144,3
144,5
144,6
144,8
144,9
147,1
147,2
147,4
147,6
147,7
147,9
151,0
151,2
151,4
151,5
151,7
151,8
156,0
156,1
156,3
156,5
156,6
156,8
156,9
161,1
161,3
161,4
161,6
161,7
161,9
161,10
164,1
164,3
164,4
164,6
164,7
165,1
165,3
165,4
165,6
165,7
168,0
168,2
168,3
168,5
168,6
170,0
170,1
170,3
170,5
170,6
172,1
172,2
172,4
172,6
172,7
175,1
175,2
175,4
175,5
175,7
175,9
175,10
176,1
176,2
176,4
178,0
178,1
178,3
178,4
180,0
180,1
180,3
180,5
180,6
186,0
186,1
186,3
186,5
186,6
186,8
186,9
186,11
192,0
192,2
192,4
192,5
192,7
192,8
192,10
193,2
193,4
195,2
195,4
195,6
197,1
197,2
197,4
197,5
198,0
198,1
198,3
202,0
202,1
202,3
202,4
202,6
202,8
202,9
203,1
203,2
203,4
203,5
205,0
205,2
205,3
205,5
205,6
205,8
206,1
206,2
206,4
206,5
206,7
207,0
207,2
207,4
207,5
207,7
208,0
208,2
208,4
208,5
209,1
209,2
209,4
209,6
209,7
212,0
212,1
212,3
212,4
212,6
212,8
215,0
215,2
215,3
215,5
215,7
215,8
217,1
217,2
217,4
217,5
217,7
217,9
220,0
220,2
220,3
220,5
220,7
220,8
223,1
223,2
223,4
223,5
223,7
224,0
224,1
224,3
224,4
224,6
227,0
227,1
227,3
227,4
227,6
227,8
227,9
230,1
230,2
230,4
230,5
230,7
230,9
232,0
232,2
232,3
232,5
232,7
234,0
234,2
234,3
234,5
234,6
234,8
236,1
236,2
236,4
236,5
236,7
240,1
240,2
240,4
240,5
240,7
240,8
243,1
243,3
243,4
243,6
243,7
245,0
245,2
245,3
245,5
247,0
247,2
247,3
247,5
247,7
249,0
249,2
249,3
249,5
249,7
249,8
249,10
249,11
250,0
250,2
250,3
250,4
250,1
249,12
249,9
249,6
249,4
249,1
247,6
247,4
247,1
245,4
245,1
243,8
243,5
243,2
243,0
240,6
240,3
240,0
236,6
236,3
236,0
234,7
234,4
234,1
232,6
232,4
232,1
230,8
230,6
230,3
230,0
227,7
227,5
227,2
224,7
224,5
224,2
223,8
223,6
223,3
223,0
220,6
220,4
220,1
217,8
217,6
217,3
217,0
215,6
215,4
215,1
212,7
212,5
212,2
209,8
209,5
209,3
209,0
208,3
208,1
207,6
207,3
207,1
206,6
206,3
206,0
205,7
205,4
205,1
203,6
203,3
203,0
202,7
202,5
202,2
198,4
198,2
197,6
197,3
197,0
195,5
193,5
192,11
192,9
192,6
192,3
192,1
186,10
186,7
186,4
186,2
180,7
180,4
180,2
178,5
178,2
176,5
176,3
176,0
175,8
175,6
175,3
175,0
172,5
172,3
172,0
170,4
170,2
168,7
168,4
168,1
165,8
165,5
165,2
165,0
164,5
164,2
164,0
161,8
161,5
161,2
161,0
156,7
156,4
156,2
151,9
151,6
151,3
151,1
147,8
147,5
147,3
147,0
144,7
144,4
144,2
141,9
141,6
141,4
141,1
138,6
138,4
138,1
136,6
136,3
136,1
134,5
134,2
134,0
133,7
133,4
133,1
130,8
130,5
130,2
130,0
127,5
127,2
125,8
125,6
125,3
125,0
122,6
122,3
122,0
120,7
120,5
120,2
116,8
116,6
116,3
116,0
114,8
114,5
114,2
111,19
111,17
111,14
111,11
111,9
111,6
111,3
111,0
100,7
100,4
100,1
97,6
97,3
97,0
95,3
95,1
93,5
93,2
93,0
91,4
91,1
90,4
90,1
89,6
89,3
89,1
88,6
88,3
88,1
87,5
87,2
85,6
85,4
85,1
69,2
69,0
65,4
65,1
63,2
60,5
60,2
59,5
59,3
59,0
58,3
0,275
0,510
0,274
0,424
0,273
0,272
0,347
0,271
0,489
0,270
0,332
0,269
0,486
0,268
0,345
0,267
0,479
0,266
0,487
0,265
0,484
0,264
0,485
0,263
0,469
0,262
0,422
0,261
0,509
0,260
0,421
0,259
0,258
0,467
0,257
0,316
0,256
0,465
0,255
0,464
0,254
0,342
0,253
0,478
0,252
0,367
0,251
0,508
0,250
0,507
0,249
0,312
0,248
0,419
0,247
0,492
0,246
0,311
0,245
0,328
0,244
0,461
0,242
0,309
0,241
0,477
0,240
0,459
0,239
0,476
0,238
0,475
0,237
0,362
0,236
0,417
0,235
0,491
0,234
0,442
0,233
0,415
0,232
0,474
0,231
0,440
0,230
0,460
0,229
0,456
0,228
0,483
0,227
0,470
0,226
0,455
0,225
0,331
0,224
0,327
0,223
0,361
0,222
0,326
0,221
0,466
0,220
0,439
0,219
0,403
0,218
0,217
0,438
0,216
0,473
0,215
0,351
0,214
0,437
0,213
0,472
0,212
0,453
0,211
0,344
0,210
0,462
0,209
0,359
0,208
0,207
0,458
0,206
0,205
0,385
0,204
0,451
0,203
0,436
0,202
0,471
0,201
0,450
0,200
0,435
0,199
0,468
0,198
0,319
0,197
0,343
0,196
0,457
0,195
0,358
0,194
0,506
0,193
0,502
0,192
0,325
0,63
0,416
0,62
0,501
0,61
0,414
0,60
0,324
0,59
0,318
0,58
0,434
0,57
0,433
0,56
0,317
0,55
0,340
0,54
0,500
0,53
0,356
0,52
0,323
0,51
0,499
0,50
0,432
0,49
0,387
0,48
0,498
0,47
0,431
0,46
0,321
0,45
0,315
0,6
0,5
0,1
0,408
0,11
0,4
0,2
0,3
0,7
