0,556
0,350
0,319
0,318
0,314
0,310
0,305
0,411
0,407
0,406
0,378
0,308
0,502
0,304
0,519
0,303
0,302
0,307
0,391
0,12
0,373
0,10
0,8
0,0
0,448
0,300
0,552
0,299
0,549
0,298
0,383
0,297
0,296
0,464
0,295
0,438
0,294
0,339
0,293
0,463
0,292
0,381
0,291
0,382
0,290
0,379
0,289
0,377
0,288
0,482
0,287
0,472
0,286
0,510
0,285
0,376
0,284
0,462
0,283
0,375
0,282
0,527
0,281
0,461
0,280
0,372
0,279
0,516
0,278
0,460
0,277
0,480
0,276
0,471
0,275
0,458
0,274
0,534
0,273
0,533
0,272
0,457
0,271
0,321
0,270
0,531
0,269
0,500
0,268
0,370
0,267
0,351
0,266
0,369
0,265
0,368
0,264
0,263
0,469
0,262
0,261
0,470
0,260
0,367
0,259
0,468
0,258
0,499
0,257
0,456
0,256
0,455
0,255
0,525
0,254
0,454
0,253
0,362
0,252
0,349
0,251
0,361
0,250
0,320
0,249
0,348
0,248
0,453
0,247
0,313
0,246
0,347
0,245
0,451
0,244
0,360
0,242
0,346
0,241
0,240
0,558
0,239
0,520
0,238
0,312
0,237
0,358
0,236
0,235
0,344
0,234
0,352
0,233
0,309
0,232
0,311
0,231
0,324
0,230
0,343
0,229
0,537
0,228
0,555
0,227
0,417
0,226
0,553
0,225
0,517
0,224
0,223
0,530
0,222
0,338
0,221
0,220
0,452
0,219
0,551
0,218
0,342
0,217
0,216
0,414
0,215
0,214
0,341
0,213
0,409
0,212
0,336
0,211
0,515
0,210
0,301
0,209
0,335
0,208
0,467
0,207
0,206
0,334
0,205
0,571
0,204
0,570
0,203
0,405
0,202
0,333
0,201
0,357
0,200
0,199
0,401
0,198
0,466
0,197
0,465
0,196
0,568
0,195
0,522
0,194
0,447
0,193
0,459
0,192
0,355
0,63
0,356
0,62
0,340
0,61
0,392
0,60
0,450
0,59
0,354
0,58
0,327
0,57
0,449
0,56
0,566
0,55
0,353
0,54
0,565
0,53
0,564
0,52
0,443
0,51
0,559
0,50
0,557
0,49
0,325
0,48
0,47
0,46
0,535
0,45
0,326
0,6
0,5
0,1
0,345
0,11
0,4
0,2
0,3
0,7
